00030 0.0438027 -0.0130563 -0.00397747 0.0138247 0.0204532 0.019078 0.999513
00031 0.0485809 -0.0138346 -0.00426964 0.0135809 0.0226398 0.0191235 0.999469
00032 0.0533741 -0.0142367 -0.00476441 0.0124782 0.0249819 0.0180323 0.999447
00033 0.0594375 -0.0135052 -0.00539967 0.0129369 0.0286443 0.0166646 0.999367
00034 0.0659874 -0.0145509 -0.00606798 0.0143926 0.0331395 0.0156749 0.999224
00035 0.0716118 -0.0146138 -0.00664783 0.0177378 0.0370315 0.01508 0.999043
00036 0.0772678 -0.0156378 -0.00752081 0.0211837 0.0403588 0.015285 0.998844
00037 0.0829196 -0.0163095 -0.00845712 0.0242387 0.0441139 0.015669 0.99861
00038 0.0871602 -0.0162759 -0.010211 0.026811 0.0479632 0.0155139 0.998369
00039 0.0917467 -0.0170831 -0.0112445 0.0286862 0.0507257 0.0147958 0.998191
00040 0.0958645 -0.0190189 -0.0122092 0.0305787 0.0536572 0.0126544 0.998011
00041 0.101421 -0.0205326 -0.0133554 0.0341612 0.0571373 0.0102442 0.997729
00042 0.105227 -0.0203805 -0.0132292 0.0399804 0.0616837 0.00770723 0.997265
00043 0.109333 -0.0251932 -0.0148212 0.0436287 0.0652104 0.00636171 0.996897
00044 0.110215 -0.0282846 -0.016729 0.0475628 0.0688381 0.00561939 0.996478
00045 0.114049 -0.0325257 -0.0161144 0.0492796 0.0697254 0.00498451 0.996336
00046 0.114977 -0.0338902 -0.0164476 0.0514388 0.0699944 0.00511574 0.996207
00047 0.114986 -0.0341906 -0.0168811 0.0529702 0.069993 0.00629571 0.99612
00048 0.116033 -0.0344385 -0.0173879 0.0534455 0.0704359 0.0071766 0.996058
00049 0.11811 -0.0350907 -0.0178724 0.0531981 0.0717468 0.00757409 0.995974
00050 0.120796 -0.0356726 -0.0188774 0.0535221 0.0731509 0.00774716 0.995854
00051 0.123174 -0.0368013 -0.020021 0.054764 0.0745813 0.00748102 0.995682
00052 0.125485 -0.0389932 -0.0212595 0.0567085 0.0762033 0.00707512 0.995453
00053 0.127674 -0.0399508 -0.0232977 0.0595565 0.0777234 0.00682725 0.995171
00054 0.130454 -0.0422277 -0.0248504 0.0614576 0.0800583 0.00566773 0.994878
00055 0.134112 -0.0440633 -0.0267386 0.0630824 0.083073 0.00406675 0.994537
00056 0.137948 -0.046459 -0.0286353 0.063785 0.0860068 0.00285782 0.994247
00057 0.14224 -0.0495874 -0.0310166 0.0641893 0.0879364 0.00152105 0.994055
00058 0.144973 -0.0515252 -0.0328138 0.0649244 0.0895021 -0.00017686 0.993868
00059 0.14839 -0.0547418 -0.0342282 0.064241 0.0902317 -0.00134262 0.993846
00060 0.152764 -0.0572177 -0.0360479 0.0627734 0.0911943 -0.00307936 0.993848
00061 0.155592 -0.060771 -0.0380518 0.0606582 0.0933061 -0.00425363 0.993779
00062 0.157705 -0.0605392 -0.0392303 0.0606658 0.095092 -0.00568238 0.993602
00063 0.15894 -0.0611478 -0.040684 0.060557 0.0959573 -0.00668849 0.993519
00064 0.160268 -0.062649 -0.041909 0.060237 0.0963438 -0.00696265 0.993499
00065 0.161272 -0.0631336 -0.042958 0.0600234 0.0969374 -0.0073794 0.993451
00066 0.162333 -0.063418 -0.0440624 0.0593451 0.0977477 -0.00733912 0.993413
00067 0.163602 -0.0633711 -0.0452079 0.0583648 0.0987686 -0.00715516 0.993372
00068 0.165365 -0.0634699 -0.0462611 0.0574447 0.0997936 -0.00747649 0.99332
00069 0.166939 -0.0620167 -0.0481582 0.0578979 0.100272 -0.00748868 0.993246
00070 0.167155 -0.0630494 -0.0493608 0.0585153 0.100589 -0.0071124 0.99318
00071 0.167679 -0.0637016 -0.0497623 0.0595393 0.100426 -0.00654568 0.99314
00072 0.169349 -0.0636998 -0.0495899 0.0602754 0.099427 -0.0060714 0.993199
00073 0.169993 -0.0640264 -0.0497245 0.0600687 0.0991458 -0.00596436 0.99324
00074 0.170437 -0.0642111 -0.0498745 0.0600967 0.0990503 -0.00622595 0.993247
00075 0.171886 -0.0653128 -0.0496234 0.0605142 0.0987246 -0.00625499 0.993253
00076 0.17264 -0.0659267 -0.0497403 0.0613189 0.0996688 -0.006019 0.993111
00077 0.173067 -0.0665902 -0.0498006 0.0620834 0.100253 -0.00521312 0.993009
00078 0.172795 -0.0670494 -0.0500014 0.0622718 0.100098 -0.00498602 0.993014
00079 0.172515 -0.0673201 -0.0501453 0.0622193 0.0999344 -0.00561053 0.993031
00080 0.172727 -0.0676462 -0.0502922 0.0626765 0.100486 -0.0057564 0.992946
00081 0.173243 -0.0681915 -0.0502119 0.0635082 0.101304 -0.00553335 0.992811
00082 0.174083 -0.0696426 -0.0501901 0.0636264 0.101245 -0.00497681 0.992812
00083 0.173821 -0.0693072 -0.0502138 0.0634509 0.100191 -0.00433541 0.992934
00084 0.173112 -0.0686039 -0.0503295 0.0624202 0.0992559 -0.00392874 0.993094
00085 0.173261 -0.0679892 -0.0505302 0.0609445 0.098764 -0.00372113 0.993236
00086 0.173591 -0.0678631 -0.0504919 0.0596541 0.0993915 -0.00349084 0.993253
00087 0.175744 -0.0685714 -0.0504028 0.0587967 0.0995986 -0.00309002 0.993284
00088 0.176392 -0.0686189 -0.0504931 0.0590773 0.0998695 -0.00283998 0.993241
00089 0.176736 -0.0684007 -0.0507203 0.0598759 0.0996499 -0.00246258 0.993216
00090 0.176718 -0.0686452 -0.0509708 0.0601462 0.0994482 -0.00268671 0.99322
00091 0.176588 -0.0688048 -0.0512527 0.0597322 0.0991776 -0.00341341 0.993269
00092 0.176384 -0.0689763 -0.0516378 0.0593877 0.0989381 -0.0041878 0.993311
00093 0.176444 -0.0692647 -0.0519409 0.0593983 0.0989746 -0.00466225 0.993305
00094 0.176725 -0.0695367 -0.052285 0.0594582 0.0991367 -0.00485212 0.993284
00095 0.177259 -0.0697488 -0.0526954 0.0593961 0.0989051 -0.00515279 0.993309
00096 0.17757 -0.0697246 -0.0532114 0.0593386 0.0984199 -0.00553521 0.993359
00097 0.179263 -0.0708099 -0.0540167 0.0587911 0.0980076 -0.00554224 0.993432
00098 0.180531 -0.071001 -0.0543899 0.0587208 0.0980431 -0.0057956 0.993431
00099 0.180848 -0.0714617 -0.0546682 0.0586065 0.0985479 -0.00593732 0.993387
00100 0.181401 -0.0717642 -0.0549038 0.0589668 0.0978708 -0.00632259 0.993431
00101 0.181516 -0.0718983 -0.0550777 0.059292 0.0968761 -0.00695834 0.993504
00102 0.180949 -0.071794 -0.0549468 0.0591262 0.095907 -0.00828057 0.993598
00103 0.1799 -0.0716404 -0.0549599 0.0586337 0.0942152 -0.0105882 0.993767
00104 0.178902 -0.0711555 -0.0548329 0.0576262 0.0922661 -0.0140182 0.993967
00105 0.178602 -0.0708217 -0.0548894 0.05596 0.0910882 -0.0182519 0.994102
00106 0.178469 -0.0702078 -0.0550668 0.054731 0.0909311 -0.0226132 0.994095
00107 0.178908 -0.0700903 -0.0553064 0.0551317 0.0907613 -0.0259756 0.994006
00108 0.179048 -0.070582 -0.0555199 0.0568629 0.0903747 -0.0285832 0.993872
00109 0.177284 -0.0711031 -0.0555807 0.0601496 0.0881911 -0.0320768 0.993768
00110 0.173984 -0.0709379 -0.0545607 0.0649643 0.0827219 -0.0356449 0.993814
00111 0.169692 -0.0751463 -0.0526062 0.0690802 0.0759966 -0.0381996 0.993978
00112 0.166963 -0.0765938 -0.0519571 0.0718939 0.0698935 -0.0389308 0.994198
00113 0.165163 -0.0754932 -0.0514268 0.0710357 0.0668874 -0.0392853 0.994453
00114 0.163312 -0.0729779 -0.0507427 0.0683881 0.0659665 -0.0395454 0.99469
00115 0.161859 -0.0710281 -0.0495661 0.0651114 0.0647079 -0.0390411 0.995012
00116 0.15782 -0.070827 -0.0474484 0.0615955 0.0635898 -0.0370778 0.995383
00117 0.154334 -0.0691796 -0.0475254 0.059605 0.0626033 -0.0327812 0.995718
00118 0.152407 -0.0670605 -0.0466764 0.0586677 0.0610923 -0.029509 0.995969
00119 0.150562 -0.0663827 -0.0463128 0.0578931 0.0592677 -0.027901 0.996171
00120 0.148898 -0.0657317 -0.0459725 0.0579467 0.0573239 -0.0267201 0.996314
00121 0.147413 -0.0651721 -0.0457553 0.0584763 0.0553604 -0.0246798 0.996447
00122 0.145583 -0.064344 -0.0453492 0.0587383 0.0535159 -0.0213583 0.996609
00123 0.143381 -0.0630732 -0.0449898 0.0582627 0.0517198 -0.0182105 0.996794
00124 0.141458 -0.0620737 -0.0448636 0.0563402 0.0498859 -0.0156823 0.997041
00125 0.137983 -0.0589803 -0.0441938 0.0554564 0.049177 -0.0149865 0.997137
00126 0.135326 -0.0568752 -0.0434889 0.0547746 0.0487342 -0.0136627 0.997215
00127 0.134594 -0.0561372 -0.0432844 0.0550245 0.0480596 -0.0116125 0.99726
00128 0.134561 -0.0552023 -0.0431003 0.0567418 0.0474857 -0.00934689 0.997215
00129 0.134727 -0.0549884 -0.043307 0.0588821 0.047643 -0.00679568 0.997104
00130 0.132899 -0.0538461 -0.0426389 0.0615042 0.0499843 -0.00441255 0.996845
00131 0.133522 -0.0538829 -0.0424765 0.0632396 0.0508559 -0.00198065 0.9967
00132 0.133916 -0.0536338 -0.0426822 0.0647462 0.0503121 0.000398479 0.996633
00133 0.133179 -0.0500501 -0.0414919 0.067439 0.0492135 0.00281888 0.996505
00134 0.131586 -0.0467712 -0.0430595 0.0687453 0.0480026 0.00376874 0.996472
00135 0.131558 -0.046114 -0.0430187 0.0687592 0.0474326 0.00475296 0.996494
00136 0.130151 -0.044769 -0.0425942 0.0692245 0.0482908 0.00570049 0.996415
00137 0.130674 -0.0443299 -0.0424143 0.0691848 0.0486851 0.00678368 0.996392
00138 0.131116 -0.0443747 -0.0425061 0.0689906 0.0487929 0.00791923 0.996392
00139 0.131796 -0.0446309 -0.0428012 0.0695129 0.0483008 0.00850405 0.996375
00140 0.132579 -0.0451863 -0.0432013 0.0709602 0.0479106 0.00869157 0.99629
00141 0.133493 -0.0461551 -0.0428381 0.0726133 0.048654 0.00809338 0.99614
00142 0.135382 -0.0470064 -0.0424197 0.0743852 0.0495755 0.00776461 0.995966
00143 0.136685 -0.0474417 -0.0420063 0.075943 0.0503608 0.00708747 0.995814
00144 0.13687 -0.0475472 -0.0416134 0.076667 0.0503458 0.00629694 0.995765
00145 0.136294 -0.0468058 -0.0409628 0.076115 0.049014 0.00501081 0.995881
00146 0.133438 -0.0459551 -0.0399267 0.0756956 0.0487875 0.00460182 0.995926
00147 0.131881 -0.0443596 -0.0392253 0.0755613 0.0482217 0.00431983 0.995965
00148 0.131031 -0.0445245 -0.0391919 0.0750173 0.047808 0.00432579 0.996026
00149 0.130847 -0.0453992 -0.0380194 0.0745627 0.0472822 0.00453727 0.996084
00150 0.131488 -0.0441407 -0.0363957 0.0751426 0.046998 0.00451363 0.996054
00151 0.132092 -0.0445224 -0.0361472 0.0750903 0.0475416 0.00447762 0.996033
00152 0.132676 -0.0452681 -0.0360341 0.0750067 0.0482219 0.00455111 0.996006
00153 0.132935 -0.0460116 -0.0360714 0.0753552 0.0483965 0.0041889 0.995973
00154 0.132177 -0.0470853 -0.0363565 0.0762758 0.0486802 0.00425491 0.995889
00155 0.132933 -0.0476291 -0.0362904 0.0783469 0.0491376 0.0044242 0.995705
00156 0.134572 -0.0492434 -0.0368181 0.0806168 0.0501077 0.00426095 0.995476
00157 0.136907 -0.0510298 -0.0375042 0.0829066 0.0516186 0.00420406 0.995211
00158 0.137824 -0.0508021 -0.0365549 0.0854227 0.0532262 0.0034151 0.994916
00159 0.136566 -0.052072 -0.0371683 0.086933 0.0552958 0.00201993 0.994676
00160 0.138004 -0.0536649 -0.0375953 0.0871156 0.0554205 0.000976492 0.994655
00161 0.138447 -0.0542443 -0.03732 0.0866835 0.0561049 0.000624959 0.994655
00162 0.136896 -0.0561575 -0.0366376 0.0848505 0.0573701 -0.00067312 0.99474
00163 0.138491 -0.0569377 -0.0363296 0.0829718 0.0581609 -0.00261022 0.99485
00164 0.141029 -0.0567522 -0.0361843 0.0820299 0.0595956 -0.00481396 0.994835
00165 0.141645 -0.0609301 -0.036769 0.079162 0.0629891 -0.00644955 0.994849
00166 0.141742 -0.0648452 -0.035506 0.0779073 0.0661188 -0.00825149 0.994731
00167 0.143069 -0.0664963 -0.0350887 0.0774946 0.0677931 -0.0102041 0.994633
00168 0.144415 -0.066989 -0.0348363 0.0774433 0.0695177 -0.0124467 0.994492
00169 0.145717 -0.0673541 -0.0343039 0.077568 0.0705859 -0.0145753 0.994378
00170 0.146377 -0.067775 -0.0342629 0.0777185 0.0710902 -0.0157624 0.994313
00171 0.14646 -0.068186 -0.0338934 0.0776731 0.0710388 -0.0160394 0.994315
00172 0.146476 -0.0683037 -0.0336134 0.0771878 0.070947 -0.0161492 0.994358
00173 0.144929 -0.0699731 -0.0340332 0.0754253 0.072022 -0.0158966 0.99442
00174 0.146902 -0.0703903 -0.0336949 0.074421 0.0732323 -0.0170506 0.994388
00175 0.149029 -0.0715703 -0.0337795 0.0746593 0.0752233 -0.0177366 0.99421
00176 0.151011 -0.0728001 -0.0334104 0.076594 0.0769961 -0.0174931 0.993931
00177 0.15148 -0.0737585 -0.0335848 0.0795214 0.0777418 -0.0167145 0.993656
00178 0.150544 -0.0741451 -0.0338531 0.0819236 0.0773364 -0.0152578 0.993516
00179 0.149864 -0.0739101 -0.0328033 0.0834801 0.0763387 -0.0138195 0.993485
00180 0.149187 -0.0738179 -0.0328805 0.0835879 0.0756939 -0.0132226 0.993533
00181 0.148828 -0.0737262 -0.0326581 0.0828151 0.0758572 -0.0134059 0.993583
00182 0.148657 -0.0734071 -0.032514 0.0818997 0.0766511 -0.0133375 0.993599
00183 0.149247 -0.0731606 -0.0325605 0.0812189 0.0774417 -0.0127183 0.993602
00184 0.149651 -0.0731955 -0.0332366 0.0808488 0.078667 -0.012502 0.993538
00185 0.151092 -0.072557 -0.0334731 0.0814366 0.079103 -0.0126614 0.993454
00186 0.151307 -0.0725703 -0.0340277 0.0820962 0.0795925 -0.0129611 0.993357
00187 0.151664 -0.0726997 -0.0342774 0.0825705 0.079633 -0.0135105 0.993307
00188 0.152299 -0.0728488 -0.034385 0.0824815 0.0803914 -0.0145067 0.993239
00189 0.154155 -0.072712 -0.0348997 0.0818083 0.0813552 -0.0159528 0.993194
00190 0.156522 -0.0735097 -0.0352239 0.0808674 0.0825801 -0.0173079 0.993147
00191 0.158752 -0.0743158 -0.0359145 0.0806952 0.0840907 -0.0187155 0.993009
00192 0.160657 -0.0757104 -0.0373101 0.0808455 0.086039 -0.0195211 0.992814
00193 0.162702 -0.0768049 -0.0385998 0.0820397 0.0879722 -0.0207504 0.992522
00194 0.165586 -0.0775847 -0.0393261 0.0834502 0.089019 -0.0220965 0.992282
00195 0.166767 -0.0782363 -0.0403962 0.0845356 0.0903295 -0.0230405 0.99205
00196 0.168134 -0.0796661 -0.0412403 0.0856359 0.0914256 -0.0249312 0.99181
00197 0.170102 -0.083776 -0.0421216 0.08565 0.0924169 -0.0270665 0.991661
00198 0.172021 -0.0888239 -0.0425796 0.0852667 0.093516 -0.0284335 0.991552
00199 0.173261 -0.0891696 -0.0434763 0.0861633 0.0951944 -0.0295781 0.991282
00200 0.175579 -0.0903347 -0.0452234 0.0862586 0.096517 -0.0304115 0.99112
00201 0.176905 -0.0913563 -0.0459985 0.0869496 0.0977037 -0.0305016 0.990941
00202 0.178289 -0.0916311 -0.0467015 0.0885161 0.0984232 -0.029955 0.990747
00203 0.179099 -0.0919022 -0.0473397 0.0898809 0.0993053 -0.0291197 0.990561
00204 0.179868 -0.0926113 -0.0479462 0.0904714 0.100032 -0.0293829 0.990427
00205 0.181098 -0.0929173 -0.0486971 0.0910288 0.100564 -0.0298107 0.990309
00206 0.182999 -0.0923088 -0.0484675 0.0924244 0.100822 -0.0297182 0.990156
00207 0.184272 -0.0925095 -0.049068 0.0935992 0.101713 -0.0297029 0.989955
00208 0.185602 -0.0928247 -0.0497187 0.0938077 0.10277 -0.0298709 0.989821
00209 0.185613 -0.0935366 -0.0516663 0.0936716 0.104638 -0.0297736 0.989641
00210 0.186545 -0.0944455 -0.0524148 0.0931306 0.105147 -0.0299932 0.989632
00211 0.187026 -0.0951085 -0.0531995 0.093309 0.105876 -0.0298777 0.989541
00212 0.18868 -0.0952126 -0.0537778 0.0932688 0.107013 -0.0297699 0.989426
00213 0.191484 -0.0956254 -0.0540649 0.0927075 0.108018 -0.0296015 0.989374
00214 0.193505 -0.0960189 -0.0543907 0.0922742 0.108991 -0.03045 0.989282
00215 0.194213 -0.0960668 -0.0549154 0.0919652 0.110191 -0.0306672 0.989171
00216 0.195787 -0.0976184 -0.0543799 0.0912069 0.11066 -0.031225 0.989172
00217 0.195302 -0.0998757 -0.054263 0.0900828 0.11161 -0.0325058 0.989127
00218 0.196328 -0.0996652 -0.0538157 0.0903783 0.112581 -0.0338426 0.988945
00219 0.198159 -0.0985298 -0.0541009 0.0911461 0.114195 -0.0347875 0.988657
00220 0.200449 -0.0985398 -0.0552785 0.0909088 0.115251 -0.0354741 0.988531
00221 0.197751 -0.103616 -0.0580752 0.0886183 0.117924 -0.0369243 0.988371
00222 0.197989 -0.10781 -0.0591337 0.0866356 0.118736 -0.0380034 0.988409
00223 0.197645 -0.108515 -0.0589015 0.0860085 0.118901 -0.0391994 0.988397
00224 0.197179 -0.111192 -0.0598106 0.0849575 0.119503 -0.0399092 0.988387
00225 0.199241 -0.111723 -0.0603999 0.0842437 0.120062 -0.0401122 0.988372
00226 0.201867 -0.110332 -0.0594797 0.0834573 0.120378 -0.0419262 0.988325
00227 0.204214 -0.110985 -0.0590208 0.0816402 0.120936 -0.0436247 0.988335
00228 0.204593 -0.113281 -0.0585958 0.0803411 0.121374 -0.0450103 0.988326
00229 0.206156 -0.114585 -0.0570875 0.079759 0.12158 -0.0462954 0.988288
00230 0.20626 -0.115767 -0.0564867 0.0786832 0.122385 -0.0481224 0.988188
00231 0.208292 -0.115318 -0.0574548 0.0783484 0.122629 -0.0503822 0.988072
00232 0.208864 -0.115683 -0.0571897 0.0772843 0.123595 -0.0521839 0.987941
00233 0.210376 -0.115371 -0.0564742 0.0760486 0.123921 -0.053678 0.987916
00234 0.212039 -0.11142 -0.0560579 0.0753165 0.123443 -0.0559853 0.987904
00235 0.21079 -0.112002 -0.054959 0.0726356 0.124134 -0.0578835 0.987909
00236 0.21096 -0.113247 -0.0547398 0.0704404 0.124567 -0.0601178 0.98788
00237 0.213255 -0.112019 -0.055045 0.0695479 0.124825 -0.0622146 0.987781
00238 0.212759 -0.113192 -0.054287 0.067496 0.126722 -0.0643336 0.987546
00239 0.212613 -0.114077 -0.0541697 0.0657273 0.128792 -0.0674921 0.987187
00240 0.211875 -0.116326 -0.0520158 0.0637542 0.130704 -0.0695297 0.986923
00241 0.21184 -0.116583 -0.0513972 0.0618356 0.130863 -0.0711363 0.98691
00242 0.21116 -0.11678 -0.0483009 0.0598281 0.12997 -0.0719621 0.987092
00243 0.211029 -0.114908 -0.0459242 0.0587397 0.128227 -0.0733831 0.98728
00244 0.210331 -0.113298 -0.0440096 0.0573406 0.12643 -0.0751837 0.987459
00245 0.208705 -0.114836 -0.0417737 0.0549162 0.125267 -0.0766132 0.987635
00246 0.20451 -0.116489 -0.040338 0.0518877 0.125764 -0.0767289 0.987727
00247 0.200663 -0.116361 -0.0385633 0.0501763 0.126882 -0.0753943 0.987775
00248 0.201277 -0.116534 -0.0348722 0.0491343 0.125422 -0.073711 0.988141
00249 0.200111 -0.117749 -0.0318842 0.048413 0.122888 -0.073211 0.988532
00250 0.193555 -0.116323 -0.0288988 0.0482858 0.122137 -0.0734246 0.988615
00251 0.1945 -0.117026 -0.025972 0.0478286 0.117852 -0.0727857 0.989204
00252 0.189503 -0.116743 -0.0247254 0.0472487 0.116958 -0.0734991 0.989286
00253 0.187158 -0.11527 -0.021278 0.0468779 0.115113 -0.0734309 0.989525
00254 0.185029 -0.11388 -0.0187557 0.0457159 0.113045 -0.0739148 0.989782
00255 0.18292 -0.114112 -0.0136669 0.0426476 0.109802 -0.0748748 0.990211
00256 0.180325 -0.113671 -0.00934767 0.0395203 0.10666 -0.0754157 0.990643
00257 0.175797 -0.112271 -0.00687826 0.0368439 0.105433 -0.0756021 0.990864
00258 0.170617 -0.112278 -0.0030612 0.034703 0.105454 -0.0746704 0.991009
00259 0.169887 -0.113023 0.000822714 0.0331147 0.10391 -0.0747061 0.991224
00260 0.167771 -0.115345 0.00518118 0.0306159 0.102574 -0.0789383 0.991116
00261 0.165224 -0.11669 0.00883919 0.0284456 0.101299 -0.083439 0.990943
00262 0.16293 -0.117999 0.012371 0.02754 0.100408 -0.0859381 0.990845
00263 0.159455 -0.121792 0.0142147 0.0263124 0.10011 -0.0869046 0.990825
00264 0.156939 -0.120329 0.0171307 0.0276862 0.100057 -0.087498 0.99074
00265 0.153883 -0.123433 0.0207836 0.0259776 0.100112 -0.0879822 0.990738
00266 0.151522 -0.127338 0.0240534 0.0230555 0.100021 -0.0899953 0.990639
00267 0.147079 -0.129096 0.0275332 0.0214925 0.100385 -0.0954248 0.990129
00268 0.146196 -0.130088 0.0335307 0.0206914 0.0993444 -0.0985007 0.98995
00269 0.147259 -0.133322 0.0392447 0.0196571 0.0986239 -0.0978608 0.990106
00270 0.149045 -0.135194 0.0408995 0.0200232 0.0999971 -0.0937093 0.990363
00271 0.15128 -0.132815 0.045827 0.0207856 0.102552 -0.0920206 0.990244
00272 0.154037 -0.132799 0.0481295 0.0179358 0.10372 -0.0937143 0.990019
00273 0.153749 -0.135832 0.0513192 0.0122792 0.105273 -0.0939245 0.989922
00274 0.158285 -0.134823 0.0552209 0.00853281 0.104854 -0.0881799 0.990534
00275 0.158306 -0.132632 0.05899 0.00688071 0.106932 -0.0775809 0.991211
00276 0.160804 -0.129873 0.0623654 0.00543937 0.109326 -0.0682522 0.991645
00277 0.164435 -0.123875 0.067043 0.00152328 0.111726 -0.0684132 0.99138
00278 0.165825 -0.118374 0.0736112 -0.00281668 0.112919 -0.0751802 0.990752
00279 0.163875 -0.11145 0.0773566 -0.00196498 0.113134 -0.0781971 0.990496
00280 0.161558 -0.108672 0.082536 0.00159913 0.111917 -0.0748704 0.990892
00281 0.15899 -0.109181 0.0868682 0.00511868 0.11073 -0.0680743 0.991503
00282 0.160335 -0.107019 0.09205 0.00819065 0.108852 -0.06386 0.991971
00283 0.161527 -0.105949 0.0961314 0.0077558 0.10806 -0.0663962 0.991894
00284 0.162257 -0.108456 0.0986696 0.00592529 0.107287 -0.070728 0.991691
00285 0.161392 -0.110696 0.103593 0.00670142 0.107555 -0.0698106 0.991723
00286 0.160362 -0.110869 0.10591 0.0109325 0.108399 -0.0636216 0.992009
00287 0.161006 -0.11074 0.10645 0.015668 0.107917 -0.0565069 0.992429
00288 0.160851 -0.111358 0.10698 0.0183987 0.108366 -0.0509037 0.992636
00289 0.161413 -0.111886 0.109154 0.0178432 0.109719 -0.0477927 0.992653
00290 0.162843 -0.111267 0.11193 0.0165199 0.110022 -0.0452016 0.992763
00291 0.163135 -0.112756 0.115608 0.0149907 0.109874 -0.0419443 0.992947
00292 0.162268 -0.114647 0.117312 0.0139728 0.109777 -0.0385423 0.99311
00293 0.161034 -0.115744 0.12139 0.0140491 0.108689 -0.0349404 0.993362
00294 0.159396 -0.114842 0.124218 0.0142412 0.108292 -0.0345866 0.993415
00295 0.160825 -0.112465 0.126715 0.0134679 0.108952 -0.0361351 0.993299
00296 0.158328 -0.114189 0.130187 0.00859985 0.111132 -0.0372653 0.993069
00297 0.155636 -0.114398 0.135583 0.00515881 0.112261 -0.0366792 0.992988
00298 0.154846 -0.114722 0.140068 0.00477787 0.112246 -0.0344531 0.993072
00299 0.153862 -0.115642 0.140201 0.00460568 0.112821 -0.0313903 0.993109
00300 0.152453 -0.113194 0.145861 0.00347454 0.113007 -0.0306244 0.993116
00301 0.151444 -0.111271 0.148817 -0.00142605 0.113448 -0.0296236 0.993101
00302 0.153818 -0.110388 0.152283 -0.00921491 0.111922 -0.0269702 0.993308
00303 0.157789 -0.106726 0.157248 -0.0145953 0.109894 -0.0257524 0.993502
00304 0.162883 -0.103263 0.160909 -0.0170864 0.107573 -0.0272131 0.993678
00305 0.167915 -0.0996428 0.164263 -0.0193661 0.106243 -0.0283786 0.993746
00306 0.169781 -0.0995195 0.167304 -0.0235001 0.105691 -0.0298705 0.993672
00307 0.168023 -0.0984561 0.166776 -0.0253523 0.104286 -0.0296613 0.993782
00308 0.164898 -0.0979091 0.168945 -0.0246585 0.101871 -0.0279447 0.994099
00309 0.160247 -0.0980314 0.170978 -0.0210801 0.101776 -0.028542 0.994174
00310 0.156251 -0.0980424 0.173704 -0.0188827 0.102097 -0.0313825 0.9941
00311 0.152479 -0.0974161 0.176017 -0.0172961 0.10168 -0.0354878 0.994033
00312 0.148005 -0.0986498 0.178876 -0.0152618 0.100426 -0.0373416 0.994126
00313 0.144295 -0.0986583 0.182396 -0.0101884 0.0977449 -0.0358241 0.994514
00314 0.139448 -0.102939 0.183631 -0.00797041 0.0968962 -0.03265 0.994727
00315 0.134421 -0.106627 0.186005 -0.00725673 0.0967834 -0.0328124 0.994738
00316 0.130392 -0.106868 0.188681 -0.00677451 0.095413 -0.0351411 0.994794
00317 0.122477 -0.110581 0.190365 -0.00983682 0.0941132 -0.0375736 0.994804
00318 0.117484 -0.108835 0.190934 -0.00859326 0.0922995 -0.0401886 0.994883
00319 0.112191 -0.110044 0.191554 -0.00835997 0.0924819 -0.0411955 0.994827
00320 0.110412 -0.110727 0.194287 -0.00731928 0.0921373 -0.0407278 0.994886
00321 0.109391 -0.110805 0.196549 -0.00617968 0.0930746 -0.0402288 0.994827
00322 0.108175 -0.110451 0.198835 -0.00608859 0.0944588 -0.041078 0.994662
00323 0.104809 -0.105966 0.199677 -0.00417046 0.0963901 -0.042735 0.994417
00324 0.102124 -0.106864 0.202083 -0.00422395 0.0962707 -0.0434826 0.994396
00325 0.0995703 -0.107537 0.204577 -0.00256381 0.0960176 -0.0420915 0.994486
00326 0.0983432 -0.106934 0.206199 -0.000647331 0.0951926 -0.0387621 0.994704
00327 0.0952445 -0.107314 0.207221 0.000115315 0.0954591 -0.0371288 0.994741
00328 0.0942611 -0.105112 0.206641 0.00235154 0.0949707 -0.0368234 0.994796
00329 0.0946525 -0.10665 0.208579 0.00362169 0.0947327 -0.0371827 0.994802
00330 0.0943051 -0.106674 0.209703 0.00773391 0.0958687 -0.037465 0.994659
00331 0.0911085 -0.107745 0.208489 0.0105823 0.098607 -0.0375936 0.99436
00332 0.0883443 -0.107825 0.208597 0.0125613 0.0998641 -0.0378075 0.994203
00333 0.0840178 -0.109828 0.206682 0.0130365 0.10179 -0.0378573 0.994
00334 0.0818287 -0.114413 0.207215 0.0123731 0.101503 -0.0365865 0.994085
00335 0.0778739 -0.113586 0.208458 0.0146485 0.101631 -0.0372183 0.994018
00336 0.0777294 -0.112644 0.20932 0.0164555 0.100745 -0.0379028 0.994054
00337 0.0765387 -0.109901 0.209891 0.019508 0.10015 -0.0382877 0.994044
00338 0.0724689 -0.112522 0.212142 0.0188515 0.100963 -0.038812 0.993954
00339 0.0707303 -0.111604 0.213399 0.0203226 0.100862 -0.0396614 0.993902
00340 0.0696749 -0.11559 0.215225 0.019095 0.100009 -0.0400383 0.993997
00341 0.0670469 -0.114261 0.216292 0.0212589 0.0994024 -0.0427856 0.9939
00342 0.0621921 -0.116766 0.21694 0.0206491 0.0999157 -0.0441892 0.9938
00343 0.0579777 -0.119475 0.216958 0.0203573 0.10128 -0.0434926 0.993698
00344 0.0558095 -0.123413 0.218254 0.018093 0.101982 -0.0434709 0.993671
00345 0.0540819 -0.123124 0.218777 0.0175127 0.101996 -0.0462497 0.993555
00346 0.0526883 -0.124106 0.221645 0.014881 0.100833 -0.0481058 0.993628
00347 0.0503243 -0.125344 0.222443 0.0141757 0.0999433 -0.0499249 0.993639
00348 0.0497211 -0.12318 0.222998 0.0173063 0.0996958 -0.0504129 0.993589
00349 0.0467131 -0.122997 0.224254 0.0189808 0.101131 -0.0495129 0.993459
00350 0.0443193 -0.122043 0.224743 0.0208257 0.102001 -0.049545 0.993331
00351 0.0400771 -0.122836 0.22673 0.0217581 0.103057 -0.0503463 0.993162
00352 0.0346032 -0.125257 0.228317 0.0208929 0.103083 -0.0511984 0.993135
00353 0.0287188 -0.125658 0.229791 0.0208335 0.102403 -0.0534589 0.993087
00354 0.0219912 -0.125486 0.231073 0.0217306 0.101277 -0.0584785 0.9929
00355 0.0140287 -0.131395 0.232976 0.0182537 0.101343 -0.0618094 0.992762
00356 0.00634534 -0.135003 0.23447 0.0156054 0.101425 -0.0616773 0.992807
00357 0.00262191 -0.1375 0.234334 0.0147078 0.0994343 -0.0588108 0.993196
00358 -0.00183491 -0.138044 0.234516 0.0164933 0.0963935 -0.0574784 0.993545
00359 -0.00840463 -0.142087 0.236138 0.0177409 0.0951255 -0.0566761 0.993692
00360 -0.0133634 -0.147429 0.236941 0.0168314 0.0950367 -0.0546116 0.993832
00361 -0.0169848 -0.149963 0.236982 0.0188065 0.095959 -0.0553011 0.99367
00362 -0.0175621 -0.150326 0.237995 0.0213659 0.0954752 -0.0526478 0.993809
00363 -0.0234932 -0.14886 0.23741 0.0254516 0.0964155 -0.0493152 0.993793
00364 -0.0288989 -0.149485 0.237793 0.0287968 0.095477 -0.0437582 0.994052
00365 -0.0376875 -0.151041 0.237251 0.0323457 0.0937552 -0.0383724 0.99433
00366 -0.0469551 -0.155407 0.238137 0.0345799 0.0899452 -0.0339143 0.994768
00367 -0.0579235 -0.155731 0.238443 0.0393016 0.0861612 -0.0322864 0.994982
00368 -0.0669963 -0.156998 0.237618 0.043963 0.0844208 -0.0314391 0.994963
00369 -0.0709625 -0.158968 0.237977 0.0471034 0.0834557 -0.0294581 0.994962
00370 -0.0761893 -0.160575 0.237131 0.0494778 0.0835309 -0.0256495 0.994946
00371 -0.0840324 -0.161715 0.237581 0.0514365 0.0822561 -0.0203144 0.995076
00372 -0.0956383 -0.161476 0.237399 0.0547047 0.0800958 -0.0165823 0.995147
00373 -0.104335 -0.156531 0.238691 0.0595739 0.0776731 -0.016163 0.995066
00374 -0.110002 -0.157224 0.241754 0.060023 0.0761936 -0.0170213 0.995139
00375 -0.117488 -0.156068 0.242421 0.0610313 0.076744 -0.0183872 0.995011
00376 -0.120701 -0.158219 0.246267 0.0586923 0.0748242 -0.0162433 0.995335
00377 -0.128752 -0.153225 0.247799 0.0588494 0.0724506 -0.0122594 0.995559
00378 -0.137548 -0.151732 0.248786 0.0578955 0.0685364 -0.00838555 0.995932
00379 -0.148157 -0.145252 0.249899 0.0611141 0.0663145 -0.00636578 0.995905
00380 -0.156823 -0.144438 0.251922 0.0614146 0.064334 -0.00353214 0.996031
00381 -0.165267 -0.145184 0.253143 0.0603711 0.0620272 0.000316063 0.996247
00382 -0.173981 -0.140551 0.253295 0.0620391 0.0590066 0.00453208 0.996318
00383 -0.182315 -0.139923 0.255255 0.0621058 0.0558656 0.00926869 0.996462
00384 -0.19319 -0.143048 0.257622 0.0606594 0.0547552 0.0136395 0.996562
00385 -0.199442 -0.140576 0.259974 0.0608685 0.0518776 0.0188313 0.996619
00386 -0.205929 -0.139282 0.263225 0.0600244 0.0491082 0.0254425 0.996664
00387 -0.213679 -0.138762 0.264707 0.0605963 0.0482528 0.0298956 0.996547
00388 -0.219525 -0.13812 0.267152 0.0629941 0.048567 0.0345704 0.996232
00389 -0.226589 -0.13958 0.268007 0.0656608 0.0513184 0.0387167 0.995769
00390 -0.231325 -0.141911 0.270223 0.067203 0.0527284 0.0429617 0.995418
00391 -0.235673 -0.146166 0.27511 0.0655635 0.0529798 0.0470541 0.995329
00392 -0.241121 -0.146778 0.279631 0.0643582 0.0533229 0.0508873 0.995201
00393 -0.246454 -0.15086 0.283587 0.0628441 0.0543786 0.0527769 0.995142
00394 -0.247363 -0.153904 0.286566 0.0620846 0.0547071 0.0541647 0.995097
00395 -0.255225 -0.154284 0.288265 0.0628458 0.0553936 0.0523949 0.995106
00396 -0.26074 -0.150474 0.289751 0.0663671 0.0519101 0.0497855 0.9952
00397 -0.271026 -0.157831 0.290949 0.0659428 0.048489 0.0475592 0.995509
00398 -0.282339 -0.159062 0.290356 0.0699643 0.0449735 0.0443659 0.995547
00399 -0.288969 -0.164943 0.294602 0.0700525 0.0418842 0.0409935 0.99582
00400 -0.296158 -0.165567 0.298079 0.0712314 0.0408978 0.0366696 0.995946
00401 -0.302007 -0.166425 0.300244 0.0718539 0.0399023 0.0351631 0.995996
00402 -0.3079 -0.163531 0.300086 0.0759561 0.0385777 0.0360369 0.995713
00403 -0.313496 -0.16001 0.299027 0.0817122 0.0357696 0.0374835 0.995308
00404 -0.321679 -0.163054 0.299568 0.0845648 0.0341594 0.0387573 0.995078
00405 -0.328186 -0.168427 0.3 0.0860546 0.0339006 0.0366762 0.995038
00406 -0.332361 -0.172984 0.301907 0.0861911 0.0336545 0.034371 0.995117
00407 -0.337137 -0.171334 0.303672 0.0878269 0.0331469 0.032354 0.995058
00408 -0.341011 -0.168607 0.307996 0.0883617 0.0318032 0.0320053 0.995066
00409 -0.347629 -0.168996 0.308389 0.0864576 0.0314756 0.0330188 0.995211
00410 -0.352897 -0.168872 0.310363 0.0849152 0.0314564 0.034736 0.995286
00411 -0.360824 -0.170474 0.312689 0.0819886 0.0339129 0.0386538 0.995306
00412 -0.367056 -0.171726 0.314447 0.080141 0.0336133 0.0412035 0.995364
00413 -0.375391 -0.173977 0.315747 0.0794676 0.0317425 0.0437827 0.995369
00414 -0.384593 -0.173666 0.316755 0.0829256 0.0290866 0.0475433 0.994996
00415 -0.391658 -0.177534 0.31809 0.0873745 0.0281243 0.0496765 0.994539
00416 -0.397222 -0.183094 0.319168 0.0912446 0.0287833 0.0491236 0.9942
00417 -0.401551 -0.187478 0.320068 0.0946307 0.0268545 0.0481023 0.993987
00418 -0.407546 -0.18911 0.321853 0.0992044 0.0223904 0.047198 0.993695
00419 -0.41746 -0.187438 0.323203 0.106214 0.0175574 0.0477151 0.993043
00420 -0.42662 -0.189092 0.324203 0.110473 0.0135577 0.0503632 0.99251
00421 -0.43275 -0.186755 0.325633 0.115042 0.00985571 0.0525775 0.991919
00422 -0.439389 -0.187579 0.326837 0.115099 0.00775011 0.0534249 0.991886
00423 -0.446483 -0.187244 0.328622 0.114737 0.00626526 0.0545656 0.991876
00424 -0.454556 -0.189493 0.330075 0.112053 0.00533396 0.0572408 0.992038
00425 -0.462772 -0.188587 0.331914 0.11072 0.00318543 0.0609431 0.991976
00426 -0.471797 -0.187936 0.333388 0.109488 -0.000332751 0.064718 0.991879
00427 -0.481346 -0.186363 0.334691 0.107922 -0.00416808 0.0682549 0.991805
00428 -0.489942 -0.1858 0.336652 0.105805 -0.0062822 0.0718196 0.99177
00429 -0.495831 -0.186105 0.338262 0.105549 -0.00645708 0.073921 0.991642
00430 -0.49962 -0.18596 0.339457 0.107748 -0.00625528 0.0752659 0.991305
00431 -0.50587 -0.18712 0.340774 0.108825 -0.00631071 0.0758505 0.991143
00432 -0.51311 -0.186881 0.341555 0.110547 -0.00833025 0.076367 0.990898
00433 -0.520385 -0.187112 0.342157 0.113081 -0.00982209 0.0761443 0.990615
00434 -0.526239 -0.191526 0.34292 0.11398 -0.00958051 0.0752293 0.990584
00435 -0.533009 -0.191407 0.343507 0.116672 -0.00808552 0.0757829 0.990242
00436 -0.539647 -0.192759 0.344211 0.117765 -0.00735895 0.0786973 0.989891
00437 -0.547338 -0.193531 0.344679 0.118657 -0.00889849 0.0812243 0.989568
00438 -0.555473 -0.195928 0.345126 0.119571 -0.0126 0.0833036 0.989244
00439 -0.564532 -0.195726 0.344919 0.122174 -0.0158102 0.0842435 0.988801
00440 -0.571477 -0.194258 0.345178 0.124442 -0.019131 0.0855035 0.988351
00441 -0.580081 -0.193005 0.346691 0.124307 -0.0213811 0.0883833 0.988068
00442 -0.589818 -0.195321 0.346036 0.121711 -0.0235093 0.0937529 0.987848
00443 -0.599505 -0.19495 0.345118 0.122462 -0.0268632 0.0983774 0.98722
00444 -0.609487 -0.197736 0.346509 0.120751 -0.0279927 0.102617 0.986968
00445 -0.616325 -0.196726 0.347047 0.119009 -0.0284746 0.105319 0.986881
00446 -0.624079 -0.196261 0.347534 0.115362 -0.0275594 0.107958 0.987055
00447 -0.633149 -0.193307 0.348512 0.112674 -0.0278313 0.109826 0.987152
00448 -0.645385 -0.191915 0.348305 0.110935 -0.0301428 0.111741 0.987066
00449 -0.656507 -0.191507 0.346922 0.110307 -0.0346698 0.114283 0.986696
00450 -0.665613 -0.193165 0.344992 0.108604 -0.0381987 0.117199 0.986413
00451 -0.675246 -0.192491 0.343775 0.107479 -0.0406006 0.11942 0.986174
00452 -0.682786 -0.189834 0.344222 0.106824 -0.042952 0.122728 0.985739
00453 -0.690356 -0.191442 0.344375 0.103935 -0.0439516 0.12732 0.985421
00454 -0.697927 -0.189783 0.344844 0.102378 -0.0452123 0.130973 0.985049
00455 -0.704639 -0.187657 0.344588 0.101704 -0.0458632 0.132678 0.98486
00456 -0.713439 -0.185658 0.343338 0.101685 -0.0453661 0.134043 0.9847
00457 -0.720404 -0.183142 0.341958 0.101998 -0.0468116 0.134736 0.984506
00458 -0.727653 -0.183762 0.340545 0.102828 -0.0490618 0.137141 0.983977
00459 -0.734361 -0.185504 0.338889 0.104342 -0.0508287 0.138785 0.983498
00460 -0.740863 -0.185228 0.341635 0.106415 -0.051655 0.138783 0.983233
00461 -0.747263 -0.185784 0.340416 0.108578 -0.051751 0.137233 0.983209
00462 -0.754277 -0.181336 0.339322 0.112467 -0.0514546 0.135041 0.983091
00463 -0.760914 -0.180871 0.33807 0.113993 -0.0514236 0.134349 0.983011
00464 -0.769591 -0.182242 0.334804 0.114368 -0.0505596 0.134133 0.983042
00465 -0.77738 -0.18165 0.333231 0.115122 -0.0505104 0.132152 0.983225
00466 -0.784808 -0.180428 0.33193 0.115736 -0.0518277 0.129549 0.983431
00467 -0.789915 -0.180409 0.332384 0.116033 -0.0540727 0.129048 0.983341
00468 -0.798499 -0.17785 0.33024 0.11763 -0.055119 0.130891 0.982849
00469 -0.806664 -0.176568 0.32832 0.116892 -0.0550512 0.132036 0.982788
00470 -0.813666 -0.175727 0.325516 0.114412 -0.0542577 0.133706 0.982898
00471 -0.819905 -0.176466 0.32444 0.109909 -0.0527853 0.137834 0.982922
00472 -0.827972 -0.176483 0.324913 0.108075 -0.051666 0.142302 0.982548
00473 -0.835395 -0.179094 0.323647 0.1078 -0.0519344 0.144694 0.982215
00474 -0.843115 -0.17868 0.322009 0.109833 -0.0532818 0.143528 0.982088
00475 -0.851549 -0.177051 0.319916 0.112188 -0.0548232 0.14061 0.982159
00476 -0.860054 -0.174752 0.317357 0.11373 -0.0559763 0.139086 0.982134
00477 -0.867556 -0.173037 0.315403 0.114323 -0.0577894 0.138709 0.982013
00478 -0.876085 -0.174793 0.313673 0.113613 -0.0588764 0.140395 0.981792
00479 -0.882788 -0.173674 0.310385 0.114521 -0.0610634 0.139655 0.981658
00480 -0.890008 -0.173298 0.308205 0.113449 -0.0640823 0.138047 0.981818
00481 -0.899849 -0.179981 0.303617 0.109865 -0.0668003 0.139575 0.981828
00482 -0.909096 -0.18555 0.299509 0.106978 -0.0698467 0.142791 0.981472
00483 -0.917192 -0.186023 0.296646 0.10676 -0.0731199 0.146559 0.980702
00484 -0.924732 -0.186075 0.294444 0.106482 -0.0752751 0.150387 0.979989
00485 -0.932199 -0.185973 0.292313 0.105356 -0.0762723 0.152248 0.979746
00486 -0.93875 -0.186184 0.291002 0.103583 -0.0770121 0.152397 0.979854
00487 -0.945605 -0.186566 0.289393 0.103069 -0.0769139 0.151732 0.98002
00488 -0.951635 -0.187954 0.288272 0.102091 -0.0770255 0.150203 0.980349
00489 -0.958491 -0.189536 0.28645 0.100242 -0.0770234 0.148692 0.98077
00490 -0.9691 -0.18358 0.280317 0.102921 -0.0770788 0.146638 0.980797
00491 -0.977288 -0.18375 0.276321 0.102245 -0.0772324 0.146971 0.980806
00492 -0.983671 -0.180579 0.268035 0.103333 -0.0787411 0.146578 0.980631
00493 -0.992212 -0.172769 0.266733 0.10465 -0.0793371 0.143547 0.980892
00494 -1.00323 -0.166219 0.265342 0.103414 -0.079795 0.14089 0.981371
00495 -1.01184 -0.162711 0.2619 0.0995918 -0.0820723 0.142023 0.981415
00496 -1.02347 -0.147546 0.254695 0.101384 -0.0852403 0.141818 0.980991
00497 -1.03439 -0.14249 0.249502 0.0996219 -0.0877075 0.143882 0.980653
00498 -1.04911 -0.13787 0.246298 0.099912 -0.0882621 0.14337 0.980649
00499 -1.05835 -0.133358 0.243429 0.101805 -0.0900227 0.138925 0.980934
00500 -1.06711 -0.126123 0.239691 0.105777 -0.0916374 0.132515 0.981251
00501 -1.07054 -0.126898 0.236099 0.105508 -0.09437 0.128419 0.981565
00502 -1.07815 -0.125682 0.233489 0.105588 -0.0960212 0.125821 0.981733
00503 -1.08765 -0.124503 0.228791 0.105118 -0.0976435 0.123331 0.98194
00504 -1.09714 -0.121953 0.225479 0.105549 -0.098697 0.122545 0.981886
00505 -1.10185 -0.122893 0.220589 0.104433 -0.101076 0.123134 0.98169
00506 -1.10821 -0.120329 0.218489 0.103176 -0.102073 0.122538 0.981794
00507 -1.11831 -0.113784 0.214885 0.102607 -0.102155 0.121557 0.981967
00508 -1.12416 -0.113136 0.212569 0.099532 -0.103427 0.122193 0.982072
00509 -1.13349 -0.117355 0.209935 0.0955078 -0.10287 0.121934 0.982562
00510 -1.14338 -0.11655 0.206051 0.0940378 -0.10268 0.117724 0.983237
00511 -1.1624 -0.0999171 0.199172 0.0983918 -0.100119 0.108446 0.984142
00512 -1.17546 -0.076912 0.195348 0.104035 -0.0985662 0.100302 0.984582
00513 -1.18927 -0.0503026 0.190928 0.110194 -0.0976005 0.0937809 0.984651
00514 -1.20985 -0.0367578 0.187987 0.110262 -0.0934525 0.0906508 0.985338
00515 -1.21825 -0.0156022 0.182613 0.113594 -0.0952281 0.0859894 0.985207
00516 -1.23173 -0.00550897 0.177674 0.112658 -0.0954112 0.0827717 0.985573
00517 -1.2449 -0.000770606 0.173977 0.109299 -0.0940902 0.0790135 0.986386
00518 -1.25465 0.00666224 0.170707 0.107532 -0.0926651 0.0756296 0.98698
00519 -1.26549 0.0207916 0.171566 0.109502 -0.0892674 0.0725438 0.987309
00520 -1.27048 0.034796 0.170359 0.111712 -0.0876064 0.0686659 0.987487
00521 -1.27485 0.0470696 0.166737 0.114005 -0.0879418 0.0639589 0.987511
00522 -1.28495 0.0683578 0.16048 0.119512 -0.0887832 0.0574598 0.987184
00523 -1.29925 0.066768 0.160997 0.114583 -0.0852178 0.0558328 0.988176
00524 -1.30336 0.0763435 0.158114 0.113583 -0.0850885 0.0543329 0.988386
00525 -1.31324 0.0796543 0.157036 0.111916 -0.0805986 0.0559638 0.988861
00526 -1.3238 0.0666693 0.159914 0.104276 -0.0747896 0.0586785 0.989995
00527 -1.32956 0.0699039 0.162436 0.104303 -0.0722078 0.0580091 0.990223
00528 -1.34014 0.0743581 0.16124 0.105076 -0.0685292 0.0542778 0.990614
00529 -1.34906 0.0856637 0.162222 0.110157 -0.0652202 0.0508734 0.990466
00530 -1.35729 0.0867462 0.162325 0.111174 -0.0622728 0.0513546 0.990518
00531 -1.36213 0.0835413 0.161128 0.110238 -0.0609551 0.0521607 0.990662
00532 -1.36657 0.083777 0.160008 0.10957 -0.0602693 0.051994 0.990787
00533 -1.36536 0.0752891 0.157968 0.104618 -0.061081 0.0545993 0.991132
00534 -1.3697 0.077259 0.155965 0.103004 -0.0602353 0.0551283 0.991324
00535 -1.3827 0.0915323 0.157728 0.106585 -0.0549492 0.0497967 0.991534
00536 -1.39319 0.105301 0.160769 0.109523 -0.0500267 0.0446295 0.991721
00537 -1.39831 0.118879 0.163054 0.109411 -0.0481957 0.0417589 0.991949
00538 -1.40865 0.136915 0.161487 0.108697 -0.0472913 0.0423115 0.992047
00539 -1.41417 0.141039 0.158641 0.102146 -0.0486339 0.0460845 0.992511
00540 -1.41769 0.148182 0.154419 0.09665 -0.0500719 0.0470829 0.992942
00541 -1.42308 0.1591 0.155216 0.0944331 -0.048351 0.0456739 0.993307
00542 -1.42547 0.162229 0.155247 0.0912241 -0.046063 0.0449805 0.993747
00543 -1.42714 0.165362 0.15456 0.0900097 -0.0444947 0.0439949 0.993973
00544 -1.43009 0.169534 0.153458 0.0884194 -0.0434379 0.0406279 0.994306
00545 -1.43481 0.175252 0.152444 0.0859023 -0.0422105 0.0365707 0.994737
00546 -1.43141 0.197987 0.149608 0.0885829 -0.0443099 0.0311149 0.994596
00547 -1.43505 0.202086 0.1488 0.0858995 -0.0432272 0.0307589 0.99489
00548 -1.43812 0.208134 0.146938 0.0852827 -0.0435179 0.0286922 0.994992
00549 -1.44343 0.218605 0.144122 0.0863799 -0.0444813 0.0235511 0.99499
00550 -1.4561 0.239947 0.144513 0.0921455 -0.0442429 0.0176799 0.994605
00551 -1.46029 0.249636 0.142095 0.0923546 -0.0456875 0.0160068 0.994549
00552 -1.46425 0.255407 0.139211 0.0908146 -0.0457802 0.0155252 0.994694
00553 -1.4675 0.248425 0.136664 0.0839073 -0.0449734 0.0171072 0.995311
00554 -1.47025 0.246507 0.133302 0.0800632 -0.0444176 0.0181826 0.995634
00555 -1.47236 0.2535 0.13195 0.0796026 -0.0445985 0.0180712 0.995665
00556 -1.47501 0.263107 0.130238 0.0779445 -0.0444424 0.0156848 0.995843
00557 -1.47326 0.266681 0.130488 0.0734369 -0.0459965 0.0139489 0.996141
00558 -1.47701 0.27504 0.127664 0.0708378 -0.0474943 0.012134 0.996283
00559 -1.4814 0.280277 0.122299 0.0670609 -0.04952 0.0114458 0.996454
00560 -1.48502 0.287068 0.118848 0.0642951 -0.0505378 0.0104879 0.996595
00561 -1.48216 0.298708 0.116561 0.0628483 -0.0516126 0.00859787 0.996651
00562 -1.48169 0.309181 0.113774 0.0597164 -0.0515989 0.00594406 0.996863
00563 -1.48111 0.315504 0.110091 0.0546623 -0.052391 0.0013079 0.997129
00564 -1.48185 0.321605 0.10598 0.0515843 -0.0532512 -0.00404396 0.99724
00565 -1.48146 0.32982 0.103204 0.0500356 -0.0536075 -0.00817163 0.997274
00566 -1.4799 0.329149 0.0981489 0.0439361 -0.0539927 -0.00836374 0.997539
00567 -1.47546 0.336951 0.0962767 0.0412357 -0.0541859 -0.00833503 0.997644
00568 -1.4687 0.340677 0.0940558 0.0384163 -0.0552859 -0.0080518 0.997699
00569 -1.46625 0.343579 0.0918735 0.0371219 -0.0557333 -0.00875631 0.997717
00570 -1.46015 0.342035 0.0906105 0.0333186 -0.0564684 -0.010995 0.997788
00571 -1.45203 0.347607 0.089677 0.0311346 -0.0571975 -0.0146503 0.99777
00572 -1.44611 0.346056 0.0863005 0.0257175 -0.0578764 -0.0171828 0.997845
00573 -1.44649 0.345089 0.0824421 0.0205404 -0.0576084 -0.0186431 0.997954
00574 -1.44527 0.347969 0.0796344 0.0188919 -0.0576283 -0.0191695 0.997975
00575 -1.43923 0.344484 0.0790141 0.0168912 -0.0570455 -0.0182626 0.998062
00576 -1.43551 0.332713 0.0755196 0.0112005 -0.0547789 -0.018538 0.998264
00577 -1.4295 0.336391 0.0735696 0.0103903 -0.0544511 -0.0217181 0.998226
00578 -1.42776 0.338438 0.0708763 0.00850588 -0.0551133 -0.0256474 0.998114
00579 -1.42422 0.337238 0.0690079 0.00453583 -0.056141 -0.0290369 0.99799
00580 -1.41158 0.335127 0.0685797 -0.000240678 -0.056833 -0.0316869 0.997881
00581 -1.40504 0.333031 0.0659295 -0.00470351 -0.0537617 -0.0336176 0.997977
00582 -1.38988 0.335383 0.0683405 -0.00632255 -0.0525027 -0.0366198 0.997929
00583 -1.38074 0.333248 0.0674378 -0.0110281 -0.0512762 -0.0391186 0.997857
00584 -1.37013 0.335101 0.0677165 -0.0138505 -0.0517459 -0.040373 0.997748
00585 -1.35834 0.341559 0.0693316 -0.0133737 -0.0521925 -0.0400699 0.997743
00586 -1.34531 0.347062 0.0702161 -0.0150371 -0.0509029 -0.0396085 0.997805
00587 -1.33209 0.347159 0.0728941 -0.0188313 -0.048419 -0.0380742 0.997924
00588 -1.31773 0.34977 0.0750426 -0.0218891 -0.0455809 -0.036046 0.99807
00589 -1.30655 0.354397 0.0775662 -0.022482 -0.0427627 -0.0331603 0.998282
00590 -1.29069 0.35638 0.0817427 -0.0234262 -0.0413952 -0.0307141 0.998396
00591 -1.27385 0.356347 0.0852428 -0.0266693 -0.0404223 -0.0308097 0.998351
00592 -1.26281 0.360881 0.0879202 -0.0271961 -0.0382208 -0.0312338 0.998411
00593 -1.26263 0.365866 0.0867127 -0.0264243 -0.0335332 -0.0309931 0.998607
00594 -1.25017 0.380616 0.0924177 -0.0182025 -0.0319662 -0.0325722 0.998792
00595 -1.23525 0.387961 0.0964529 -0.0130613 -0.0314792 -0.0329568 0.998876
00596 -1.22602 0.38813 0.0981974 -0.0118766 -0.0304419 -0.0311449 0.998981
00597 -1.2101 0.395355 0.103594 -0.0089893 -0.0300692 -0.0298804 0.999061
00598 -1.19289 0.397669 0.107562 -0.00900621 -0.0292396 -0.0269901 0.999167
00599 -1.1816 0.397098 0.108962 -0.00970921 -0.0278434 -0.0232829 0.999294
00600 -1.17617 0.401879 0.113001 -0.00742576 -0.0258948 -0.0214656 0.999407
00601 -1.17454 0.402954 0.110257 -0.00751433 -0.0239077 -0.0197914 0.99949
00602 -1.16217 0.398911 0.110511 -0.00845653 -0.0250463 -0.0209195 0.999432
00603 -1.15471 0.393132 0.110246 -0.00955068 -0.024151 -0.0227857 0.999403
00604 -1.14732 0.390631 0.11008 -0.0128663 -0.0239315 -0.021189 0.999406
00605 -1.13877 0.392453 0.11166 -0.0155592 -0.0242437 -0.0177002 0.999428
00606 -1.13207 0.387611 0.110779 -0.0220062 -0.0227345 -0.0138604 0.999403
00607 -1.12404 0.377263 0.108822 -0.0283079 -0.0200979 -0.0119122 0.999326
00608 -1.11483 0.373889 0.111231 -0.0294004 -0.0174307 -0.0138769 0.999319
00609 -1.11008 0.37047 0.110813 -0.0298008 -0.0132778 -0.0179364 0.999307
00610 -1.10282 0.365973 0.112006 -0.0295174 -0.00843122 -0.0227996 0.999269
00611 -1.10112 0.371648 0.109849 -0.0249424 -0.00265419 -0.0246539 0.999381
00612 -1.09425 0.371132 0.109298 -0.0217566 1.15453e-05 -0.0256878 0.999433
00613 -1.09123 0.370142 0.109416 -0.0175274 0.00194558 -0.0272164 0.999474
00614 -1.08879 0.375674 0.109831 -0.0100563 0.00316922 -0.0304353 0.999481
00615 -1.08296 0.373591 0.111894 -0.00644515 0.00350961 -0.0343051 0.999384
00616 -1.07615 0.369936 0.113571 -0.00474873 0.00388279 -0.0387396 0.999231
00617 -1.07109 0.369067 0.115702 -0.00302167 0.00425239 -0.0418181 0.999112
00618 -1.06458 0.36532 0.117836 -0.00266095 0.00447568 -0.0428922 0.999066
00619 -1.05588 0.364728 0.122093 -0.00113876 0.00511249 -0.0430049 0.999061
00620 -1.04536 0.363908 0.126618 0.000857473 0.00653283 -0.0420539 0.999094
00621 -1.03252 0.358225 0.132071 0.00161744 0.00859578 -0.0414023 0.999104
00622 -1.02175 0.356645 0.136671 0.00194628 0.0110895 -0.0407927 0.999104
00623 -1.01499 0.357603 0.138367 0.00144926 0.0133948 -0.0393661 0.999134
00624 -1.00713 0.358548 0.142751 0.000901324 0.0144387 -0.0391592 0.999128
00625 -1.00011 0.35814 0.146695 0.000737396 0.0157334 -0.0404766 0.999056
00626 -0.99307 0.357844 0.15095 0.00132036 0.0175508 -0.0418347 0.99897
00627 -0.984602 0.35744 0.155644 0.00126988 0.0194725 -0.0425893 0.998902
00628 -0.97591 0.356621 0.160069 0.00130971 0.02133 -0.0429884 0.998847
00629 -0.967992 0.354758 0.16429 0.00252506 0.0233089 -0.0449637 0.998713
00630 -0.95966 0.35195 0.168595 0.00531794 0.0257616 -0.0486557 0.998469
00631 -0.949093 0.348964 0.172687 0.00768062 0.0286321 -0.0518034 0.998217
00632 -0.937291 0.349224 0.178394 0.0103447 0.0313249 -0.0524514 0.998078
00633 -0.926724 0.347008 0.18249 0.0112754 0.0338922 -0.0508405 0.998068
00634 -0.915719 0.344348 0.186005 0.0123357 0.0357646 -0.048321 0.998115
00635 -0.906414 0.340041 0.189455 0.0142607 0.0379519 -0.0460427 0.998116
00636 -0.894985 0.336507 0.192886 0.018059 0.0403775 -0.0463147 0.997947
00637 -0.885271 0.334 0.194679 0.0216433 0.044978 -0.048969 0.997552
00638 -0.872323 0.330103 0.197929 0.0246571 0.0498473 -0.051424 0.997127
00639 -0.857251 0.327485 0.200243 0.0276175 0.0545495 -0.0519621 0.996776
00640 -0.845235 0.32588 0.203541 0.0306339 0.0593243 -0.0513251 0.996448
00641 -0.832953 0.322189 0.204835 0.0312771 0.0620782 -0.0503178 0.996311
00642 -0.822528 0.315243 0.204826 0.0312507 0.0635809 -0.0483357 0.996315
00643 -0.810884 0.310199 0.207817 0.0329453 0.0656171 -0.0446784 0.9963
00644 -0.798735 0.307254 0.210866 0.0356072 0.0692456 -0.0389936 0.996201
00645 -0.78352 0.303325 0.212017 0.0379918 0.0728387 -0.0341138 0.996036
00646 -0.769074 0.301845 0.213674 0.0409798 0.0771007 -0.0301415 0.995725
00647 -0.755512 0.299124 0.216347 0.0443211 0.0811155 -0.0292923 0.995288
00648 -0.743065 0.297506 0.218472 0.0481565 0.0844132 -0.0280133 0.994872
00649 -0.731756 0.292224 0.217325 0.0488463 0.0871066 -0.0259619 0.994662
00650 -0.721663 0.289328 0.220038 0.0499528 0.0906809 -0.0229786 0.994361
00651 -0.70966 0.285059 0.221917 0.050196 0.0923165 -0.0207995 0.994246
00652 -0.701073 0.281981 0.225447 0.0520774 0.0941869 -0.0205551 0.993979
00653 -0.692826 0.281515 0.229 0.0562047 0.094203 -0.0214694 0.993733
00654 -0.686269 0.277089 0.231437 0.059808 0.0940525 -0.0213875 0.993539
00655 -0.682048 0.273347 0.235385 0.0633803 0.0933519 -0.0199103 0.993414
00656 -0.682944 0.267914 0.239793 0.0636918 0.09228 -0.0182743 0.993526
00657 -0.678732 0.26313 0.244272 0.0621516 0.0881007 -0.0189059 0.993991
00658 -0.677747 0.258269 0.249284 0.0598515 0.0844168 -0.020466 0.994421
00659 -0.676885 0.2546 0.253312 0.0591158 0.0811839 -0.0223613 0.994693
00660 -0.674941 0.250317 0.257505 0.0588192 0.078441 -0.0230446 0.994915
00661 -0.672893 0.248498 0.261792 0.0595572 0.0759415 -0.021958 0.99509
00662 -0.670473 0.245613 0.265752 0.0588601 0.0738147 -0.0220526 0.995289
00663 -0.667742 0.243365 0.26999 0.0577274 0.0723435 -0.0239418 0.99542
00664 -0.666511 0.245071 0.276453 0.0588295 0.0716097 -0.0264482 0.995345
00665 -0.664226 0.242479 0.280155 0.0581553 0.0690433 -0.0292197 0.995488
00666 -0.663356 0.242599 0.284136 0.0586288 0.0648702 -0.0291013 0.995745
00667 -0.66376 0.238907 0.290225 0.0574531 0.0606804 -0.0268293 0.996141
00668 -0.663398 0.23449 0.293248 0.0561486 0.0581619 -0.0241318 0.996435
00669 -0.660237 0.231405 0.297696 0.0566549 0.0567534 -0.0232052 0.996509
00670 -0.654068 0.232078 0.302436 0.0588719 0.0563311 -0.0254247 0.996351
00671 -0.648636 0.230148 0.307533 0.0583741 0.0567636 -0.0289776 0.996258
00672 -0.644072 0.230205 0.311624 0.0579609 0.0574873 -0.0305956 0.996193
00673 -0.638098 0.229334 0.315564 0.0578424 0.0570598 -0.03003 0.996241
00674 -0.634437 0.228487 0.321697 0.058836 0.0567476 -0.0286617 0.996241
00675 -0.629979 0.226441 0.326782 0.0599853 0.0570634 -0.0288786 0.996148
00676 -0.62347 0.223637 0.330312 0.060463 0.0571285 -0.0309646 0.996053
00677 -0.618278 0.220566 0.335734 0.0612767 0.0584778 -0.0334414 0.995845
00678 -0.612033 0.219048 0.340457 0.0619443 0.0590217 -0.0349828 0.995719
00679 -0.605829 0.218703 0.345927 0.0624127 0.059693 -0.0363631 0.9956
00680 -0.600417 0.21822 0.351387 0.0623728 0.0600964 -0.0386482 0.995492
00681 -0.596807 0.217261 0.356976 0.0631793 0.0607147 -0.042118 0.995263
00682 -0.591815 0.216065 0.362626 0.0636365 0.0617243 -0.0469885 0.994954
00683 -0.587071 0.218829 0.369545 0.0655499 0.0642242 -0.052506 0.994395
00684 -0.583796 0.219894 0.376972 0.0658948 0.0672512 -0.0591542 0.993799
00685 -0.580646 0.218825 0.382656 0.0658539 0.0684656 -0.0663669 0.993263
00686 -0.575723 0.214916 0.388067 0.0661617 0.0684591 -0.071738 0.992869
00687 -0.571102 0.210722 0.392661 0.0683388 0.069271 -0.0755458 0.992383
00688 -0.563236 0.20858 0.397613 0.0717002 0.0706031 -0.077826 0.991876
00689 -0.556261 0.207471 0.403108 0.0731761 0.0733475 -0.0800605 0.991391
00690 -0.548886 0.207812 0.408621 0.0731653 0.0764724 -0.0825933 0.990948
00691 -0.542635 0.205223 0.412243 0.0705779 0.0791797 -0.084804 0.990736
00692 -0.536002 0.20313 0.417717 0.069217 0.0812313 -0.0850913 0.990641
00693 -0.530198 0.200841 0.422827 0.0695472 0.0830148 -0.0843496 0.990534
00694 -0.522479 0.200683 0.427118 0.0732717 0.085049 -0.0830446 0.990203
00695 -0.512704 0.200516 0.431666 0.0775877 0.0871061 -0.079651 0.989974
00696 -0.504984 0.198505 0.436245 0.0798375 0.0909461 -0.0753796 0.989784
00697 -0.497266 0.194351 0.43947 0.0784173 0.0930949 -0.0715559 0.989982
00698 -0.495053 0.192902 0.444886 0.0775654 0.0949438 -0.0688108 0.990068
00699 -0.493792 0.191432 0.450677 0.0762767 0.095473 -0.0677606 0.99019
00700 -0.490299 0.191103 0.455554 0.0755613 0.0954523 -0.0687474 0.990178
00701 -0.484244 0.190877 0.460394 0.0756451 0.0961165 -0.0697971 0.990034
00702 -0.478997 0.189425 0.465241 0.0744684 0.0993036 -0.0684982 0.9899
00703 -0.471789 0.188867 0.469348 0.0736624 0.102131 -0.0654362 0.989879
00704 -0.467269 0.18857 0.474131 0.073468 0.104998 -0.0630646 0.989748
00705 -0.461123 0.185536 0.478274 0.073039 0.10554 -0.060693 0.98987
00706 -0.457186 0.183481 0.481906 0.0747095 0.105544 -0.0583862 0.989884
00707 -0.454098 0.182235 0.486354 0.0769265 0.105568 -0.0566393 0.989813
00708 -0.452368 0.180226 0.492349 0.0777133 0.107334 -0.0551793 0.989644
00709 -0.449447 0.178752 0.498264 0.0786015 0.109488 -0.0532789 0.989442
00710 -0.445269 0.176081 0.503799 0.0785491 0.111174 -0.0508923 0.989384
00711 -0.441537 0.174726 0.508751 0.079681 0.112561 -0.0492081 0.989222
00712 -0.436682 0.172824 0.512576 0.0809629 0.112558 -0.0491319 0.989122
00713 -0.434092 0.170777 0.516623 0.0818161 0.113373 -0.047929 0.989017
00714 -0.432844 0.169246 0.522028 0.0833573 0.114739 -0.0472385 0.988764
00715 -0.430414 0.168235 0.527413 0.0846894 0.114933 -0.0463328 0.988672
00716 -0.427603 0.166399 0.532383 0.0849742 0.113757 -0.044785 0.988854
00717 -0.425022 0.165503 0.537861 0.0847564 0.113266 -0.0419607 0.989053
00718 -0.421936 0.164532 0.543131 0.0839048 0.113664 -0.0385012 0.989221
00719 -0.418371 0.16351 0.548262 0.0831926 0.114585 -0.0349135 0.989308
00720 -0.416721 0.16218 0.554919 0.083413 0.116759 -0.032318 0.989123
00721 -0.413701 0.160582 0.562045 0.0842689 0.11986 -0.0322055 0.988683
00722 -0.410159 0.158999 0.567341 0.0855961 0.121999 -0.0313657 0.988335
00723 -0.407517 0.157686 0.573047 0.0855413 0.123421 -0.0292803 0.988227
00724 -0.408358 0.153788 0.580081 0.0809789 0.124411 -0.0266487 0.988562
00725 -0.409416 0.155052 0.587209 0.0798588 0.123159 -0.028225 0.988766
00726 -0.409905 0.156324 0.593921 0.0800365 0.121232 -0.0313255 0.988896
00727 -0.409682 0.154136 0.59989 0.0800493 0.120461 -0.033874 0.988905
00728 -0.40522 0.149946 0.604379 0.0805101 0.121019 -0.0347199 0.98877
00729 -0.399646 0.145169 0.608619 0.0809682 0.124872 -0.0345406 0.98826
00730 -0.394838 0.143092 0.61462 0.0823583 0.12895 -0.034055 0.987638
00731 -0.392323 0.140523 0.620866 0.0820576 0.13008 -0.0343043 0.987506
00732 -0.393409 0.138036 0.626811 0.0815465 0.130165 -0.0352965 0.987503
00733 -0.390715 0.135674 0.630131 0.0819222 0.127235 -0.0354472 0.987848
00734 -0.389935 0.133364 0.635907 0.0832823 0.127176 -0.035788 0.98773
00735 -0.38837 0.132014 0.641212 0.0859606 0.128342 -0.034223 0.987405
00736 -0.38739 0.127997 0.648186 0.0872798 0.1306 -0.033799 0.987007
00737 -0.383952 0.125167 0.653703 0.0896057 0.130532 -0.0333711 0.986822
00738 -0.381264 0.123498 0.660942 0.0917639 0.130585 -0.0333881 0.986617
00739 -0.380401 0.123328 0.667791 0.0929128 0.13192 -0.0359894 0.98624
00740 -0.377928 0.1233 0.673355 0.0924513 0.13269 -0.0407822 0.985993
00741 -0.376051 0.119887 0.678522 0.0904717 0.133026 -0.0455271 0.985924
00742 -0.374605 0.118588 0.684248 0.092387 0.134938 -0.0457063 0.985478
00743 -0.372982 0.116696 0.690374 0.0953756 0.137963 -0.0417635 0.984949
00744 -0.371248 0.113272 0.696294 0.0951551 0.141152 -0.0367522 0.984719
00745 -0.368101 0.110726 0.701413 0.0927166 0.143672 -0.0338798 0.98469
00746 -0.364852 0.108807 0.706619 0.0910656 0.146659 -0.0332738 0.984424
00747 -0.362633 0.108041 0.712894 0.0915516 0.150257 -0.0326954 0.983856
00748 -0.36014 0.107111 0.718774 0.0927023 0.154224 -0.0318066 0.983163
00749 -0.356018 0.104603 0.72511 0.093438 0.156873 -0.0302113 0.982724
00750 -0.353006 0.104512 0.732055 0.0954363 0.158748 -0.0311485 0.982202
00751 -0.351107 0.103416 0.738983 0.096327 0.160067 -0.0365787 0.981714
00752 -0.348652 0.102262 0.74477 0.0973062 0.160848 -0.0437477 0.981196
00753 -0.346554 0.100489 0.749626 0.099584 0.162783 -0.0492951 0.980385
00754 -0.344572 0.0982266 0.755372 0.101438 0.164677 -0.0505052 0.979817
00755 -0.341759 0.0976352 0.761681 0.10196 0.165396 -0.0512557 0.979603
00756 -0.340786 0.0987164 0.768775 0.10156 0.167489 -0.0533049 0.979179
00757 -0.339158 0.0983006 0.774534 0.0990606 0.168111 -0.057167 0.979111
00758 -0.337202 0.0982752 0.779819 0.0977215 0.168026 -0.0592689 0.979135
00759 -0.33616 0.0965994 0.785171 0.0965074 0.168486 -0.0600157 0.979131
00760 -0.333833 0.09426 0.789284 0.0959426 0.171179 -0.0605159 0.978688
00761 -0.332684 0.0923412 0.795035 0.0978833 0.176164 -0.0589834 0.977704
00762 -0.330814 0.0900336 0.800165 0.098941 0.18003 -0.0571775 0.977001
00763 -0.328706 0.0883296 0.804795 0.100054 0.181737 -0.0542432 0.976739
00764 -0.327673 0.0873025 0.810598 0.100397 0.183178 -0.0538846 0.976454
00765 -0.32406 0.0866166 0.814485 0.10171 0.182526 -0.0518744 0.976549
00766 -0.321952 0.084945 0.817979 0.101306 0.18349 -0.0482346 0.976597
00767 -0.321183 0.0824869 0.820403 0.101792 0.183878 -0.0438639 0.97668
00768 -0.319745 0.0807806 0.825636 0.103302 0.184973 -0.0384989 0.976541
00769 -0.319389 0.0801301 0.830992 0.103341 0.187376 -0.0354582 0.976193
00770 -0.317776 0.0799831 0.835587 0.102121 0.188709 -0.0334677 0.976135
00771 -0.316288 0.0798232 0.839946 0.0989774 0.189833 -0.0322707 0.976281
00772 -0.314602 0.0800449 0.844255 0.0969429 0.189978 -0.0304297 0.976516
00773 -0.313003 0.0793406 0.848425 0.0954103 0.189856 -0.0284761 0.97675
00774 -0.311604 0.0790189 0.852763 0.095434 0.18999 -0.0273325 0.976754
00775 -0.310102 0.0789678 0.857316 0.0965222 0.189428 -0.0264612 0.976781
00776 -0.308736 0.078377 0.861439 0.0950884 0.189208 -0.026827 0.976954
00777 -0.307429 0.078088 0.865861 0.0923921 0.189331 -0.0276156 0.977167
00778 -0.305968 0.0779772 0.870211 0.0901502 0.189948 -0.0297495 0.977194
00779 -0.304665 0.0776766 0.874501 0.0887444 0.191195 -0.0320162 0.977008
00780 -0.303359 0.0774633 0.878756 0.0877974 0.190448 -0.0325323 0.977222
00781 -0.302485 0.0770341 0.883486 0.0868487 0.18787 -0.031812 0.977829
00782 -0.301515 0.076619 0.888025 0.0854011 0.184413 -0.0320262 0.978608
00783 -0.300299 0.0762972 0.892373 0.0835436 0.181378 -0.0322633 0.979327
00784 -0.298796 0.0759705 0.89624 0.0823077 0.181034 -0.0320565 0.979502
00785 -0.297196 0.0756821 0.900471 0.0825143 0.183886 -0.0320044 0.978955
00786 -0.295626 0.075262 0.903896 0.0826991 0.189459 -0.0333049 0.977833
00787 -0.295096 0.0753563 0.908481 0.0812525 0.195486 -0.0349112 0.976711
00788 -0.292685 0.0747575 0.911566 0.0784965 0.195497 -0.0350418 0.976929
00789 -0.291922 0.0739573 0.916107 0.0766726 0.192475 -0.037001 0.977602
00790 -0.290781 0.0732971 0.920171 0.0753605 0.185457 -0.0394869 0.978962
00791 -0.290251 0.0727934 0.923877 0.072815 0.180914 -0.0409376 0.979945
00792 -0.289115 0.0724411 0.927763 0.0687698 0.179236 -0.041496 0.980522
00793 -0.287927 0.0718336 0.931379 0.063756 0.178546 -0.040333 0.981035
00794 -0.287351 0.0711809 0.935215 0.0602439 0.17848 -0.0388314 0.98133
00795 -0.286382 0.0700219 0.938579 0.0584371 0.17833 -0.0397582 0.981429
00796 -0.285527 0.0690299 0.941459 0.059096 0.178742 -0.0403616 0.98129
00797 -0.284728 0.06951 0.944825 0.0620843 0.180254 -0.0370542 0.980959
00798 -0.284305 0.0692118 0.94845 0.0635717 0.181732 -0.0336772 0.980713
00799 -0.283339 0.069037 0.952318 0.0637514 0.182338 -0.0319957 0.980645
00800 -0.280728 0.0650613 0.957401 0.0600964 0.18394 -0.0341383 0.980505
00801 -0.280169 0.0643453 0.960324 0.05717 0.187708 -0.0365709 0.979878
00802 -0.279159 0.0639842 0.962917 0.0570958 0.192972 -0.0413038 0.97867
00803 -0.277984 0.0637585 0.966547 0.0604122 0.197953 -0.0438302 0.977366
00804 -0.276187 0.0602375 0.970627 0.0622781 0.19732 -0.0418584 0.977463
00805 -0.274927 0.0576221 0.973681 0.0631961 0.191621 -0.0402609 0.978604
00806 -0.274119 0.0564332 0.976089 0.0633632 0.183733 -0.040304 0.980104
00807 -0.272817 0.0553669 0.978111 0.0633865 0.177833 -0.0432707 0.981063
00808 -0.2722 0.0550362 0.980212 0.0629533 0.173981 -0.0427764 0.981803
00809 -0.271815 0.0546132 0.982842 0.0593425 0.17036 -0.0400408 0.982778
00810 -0.270127 0.0540801 0.983563 0.0540073 0.164164 -0.0414459 0.984081
00811 -0.270197 0.0535152 0.987393 0.0515914 0.160608 -0.0426661 0.984745
00812 -0.269212 0.0528423 0.990401 0.0515278 0.15807 -0.04185 0.985194
00813 -0.268488 0.0527622 0.991362 0.0525205 0.158106 -0.0362137 0.985359
00814 -0.267694 0.0522717 0.993731 0.0494494 0.160414 -0.0317342 0.985299
00815 -0.266978 0.0518391 0.995755 0.0437562 0.1622 -0.029264 0.985353
00816 -0.266575 0.0511544 0.999262 0.0385312 0.162354 -0.0291517 0.985549
00817 -0.265156 0.0501276 1.00194 0.0356948 0.161058 -0.0282663 0.985894
00818 -0.265047 0.0500742 1.00229 0.0330628 0.159921 -0.0296051 0.986132
00819 -0.26474 0.0499008 1.00249 0.0301856 0.154843 -0.0302974 0.987013
